1: h = 25; [[8, 5, 0], [2, 7, 6], [1, 3, 4]]
2: h = 24; [[8, 0, 5], [2, 7, 6], [1, 3, 4]]
4: h = 24; [[8, 7, 5], [2, 0, 6], [1, 3, 4]]
6: h = 24; [[8, 7, 5], [0, 2, 6], [1, 3, 4]]
8: h = 22; [[0, 7, 5], [8, 2, 6], [1, 3, 4]]
10: h = 21; [[7, 0, 5], [8, 2, 6], [1, 3, 4]]
12: h = 18; [[7, 2, 5], [8, 0, 6], [1, 3, 4]]
14: h = 18; [[7, 2, 5], [8, 3, 6], [1, 0, 4]]
16: h = 18; [[7, 2, 5], [8, 6, 0], [1, 3, 4]]
18: h = 16; [[7, 2, 5], [8, 6, 4], [1, 3, 0]]
20: h = 15; [[7, 2, 5], [8, 6, 4], [1, 0, 3]]
22: h = 12; [[7, 2, 5], [8, 0, 4], [1, 6, 3]]
24: h = 15; [[7, 0, 5], [8, 2, 4], [1, 6, 3]]
26: h = 15; [[7, 2, 5], [0, 8, 4], [1, 6, 3]]
28: h = 14; [[0, 2, 5], [7, 8, 4], [1, 6, 3]]
30: h = 14; [[7, 2, 5], [1, 8, 4], [0, 6, 3]]
32: h = 15; [[7, 2, 5], [8, 4, 0], [1, 6, 3]]
34: h = 14; [[7, 2, 0], [8, 4, 5], [1, 6, 3]]
36: h = 14; [[7, 2, 5], [8, 4, 3], [1, 6, 0]]
38: h = 16; [[0, 7, 5], [8, 2, 4], [1, 6, 3]]
40: h = 16; [[2, 0, 5], [7, 8, 4], [1, 6, 3]]
42: h = 16; [[2, 8, 5], [7, 0, 4], [1, 6, 3]]
44: h = 16; [[7, 0, 2], [8, 4, 5], [1, 6, 3]]
46: h = 16; [[7, 2, 5], [1, 8, 4], [6, 0, 3]]
48: h = 16; [[7, 2, 5], [1, 0, 4], [6, 8, 3]]
50: h = 16; [[7, 2, 5], [8, 4, 3], [1, 0, 6]]
52: h = 16; [[7, 2, 5], [8, 0, 3], [1, 4, 6]]
54: h = 16; [[7, 2, 5], [8, 6, 4], [0, 1, 3]]
56: h = 16; [[7, 4, 2], [8, 0, 5], [1, 6, 3]]
58: h = 16; [[7, 5, 0], [8, 2, 4], [1, 6, 3]]
60: h = 17; [[0, 7, 2], [8, 4, 5], [1, 6, 3]]
62: h = 17; [[2, 5, 0], [7, 8, 4], [1, 6, 3]]
64: h = 17; [[7, 2, 0], [8, 6, 5], [1, 3, 4]]
66: h = 17; [[7, 2, 5], [1, 8, 4], [6, 3, 0]]
68: h = 17; [[7, 2, 5], [8, 4, 3], [0, 1, 6]]
70: h = 18; [[2, 8, 5], [0, 7, 4], [1, 6, 3]]
72: h = 17; [[2, 8, 5], [1, 7, 4], [0, 6, 3]]
74: h = 18; [[7, 2, 5], [0, 1, 4], [6, 8, 3]]
76: h = 17; [[0, 2, 5], [7, 1, 4], [6, 8, 3]]
78: h = 18; [[7, 2, 5], [0, 6, 4], [8, 1, 3]]
80: h = 17; [[0, 2, 5], [7, 6, 4], [8, 1, 3]]
82: h = 18; [[7, 2, 5], [6, 0, 4], [8, 1, 3]]
84: h = 18; [[7, 2, 5], [6, 1, 4], [8, 0, 3]]
86: h = 18; [[7, 2, 5], [8, 3, 0], [1, 4, 6]]
88: h = 17; [[7, 2, 0], [8, 3, 5], [1, 4, 6]]
90: h = 18; [[7, 4, 2], [8, 5, 0], [1, 6, 3]]
92: h = 17; [[7, 4, 2], [8, 5, 3], [1, 6, 0]]
94: h = 18; [[7, 5, 4], [8, 2, 0], [1, 6, 3]]
96: h = 17; [[7, 5, 4], [8, 2, 3], [1, 6, 0]]
98: h = 18; [[7, 5, 4], [8, 0, 2], [1, 6, 3]]
100: h = 18; [[7, 0, 4], [8, 5, 2], [1, 6, 3]]
102: h = 18; [[8, 7, 5], [0, 2, 4], [1, 6, 3]]
104: h = 17; [[8, 7, 5], [1, 2, 4], [0, 6, 3]]
106: h = 18; [[8, 7, 5], [2, 0, 4], [1, 6, 3]]
108: h = 18; [[8, 0, 5], [2, 7, 4], [1, 6, 3]]
110: h = 19; [[0, 7, 4], [8, 5, 2], [1, 6, 3]]
112: h = 19; [[0, 8, 5], [2, 7, 4], [1, 6, 3]]
116: h = 19; [[2, 0, 5], [7, 1, 4], [6, 8, 3]]
118: h = 17; [[2, 1, 5], [7, 0, 4], [6, 8, 3]]
120: h = 17; [[2, 1, 5], [7, 8, 4], [6, 0, 3]]
122: h = 15; [[2, 1, 5], [7, 8, 4], [0, 6, 3]]
124: h = 13; [[2, 1, 5], [0, 8, 4], [7, 6, 3]]
126: h = 10; [[2, 1, 5], [8, 0, 4], [7, 6, 3]]
128: h = 12; [[2, 0, 5], [8, 1, 4], [7, 6, 3]]
130: h = 10; [[0, 2, 5], [8, 1, 4], [7, 6, 3]]
132: h = 12; [[8, 2, 5], [0, 1, 4], [7, 6, 3]]
134: h = 10; [[8, 2, 5], [1, 0, 4], [7, 6, 3]]
136: h = 13; [[2, 1, 5], [8, 4, 0], [7, 6, 3]]
138: h = 12; [[2, 1, 0], [8, 4, 5], [7, 6, 3]]
140: h = 12; [[2, 1, 5], [8, 4, 3], [7, 6, 0]]
142: h = 13; [[2, 0, 1], [8, 4, 5], [7, 6, 3]]
144: h = 11; [[0, 2, 1], [8, 4, 5], [7, 6, 3]]
146: h = 13; [[2, 1, 5], [8, 6, 4], [7, 0, 3]]
148: h = 13; [[2, 4, 1], [8, 0, 5], [7, 6, 3]]
150: h = 13; [[2, 5, 0], [8, 1, 4], [7, 6, 3]]
152: h = 13; [[8, 0, 5], [1, 2, 4], [7, 6, 3]]
154: h = 13; [[8, 2, 1], [0, 4, 5], [7, 6, 3]]
156: h = 13; [[8, 2, 1], [4, 0, 5], [7, 6, 3]]
158: h = 13; [[8, 2, 5], [1, 4, 0], [7, 6, 3]]
160: h = 12; [[8, 2, 0], [1, 4, 5], [7, 6, 3]]
162: h = 12; [[8, 2, 5], [1, 4, 3], [7, 6, 0]]
164: h = 13; [[8, 2, 5], [1, 6, 4], [7, 0, 3]]
166: h = 14; [[0, 1, 5], [2, 8, 4], [7, 6, 3]]
168: h = 12; [[1, 0, 5], [2, 8, 4], [7, 6, 3]]
170: h = 12; [[1, 8, 5], [2, 0, 4], [7, 6, 3]]
172: h = 12; [[1, 8, 5], [0, 2, 4], [7, 6, 3]]
174: h = 13; [[1, 5, 0], [2, 8, 4], [7, 6, 3]]
176: h = 14; [[0, 8, 5], [1, 2, 4], [7, 6, 3]]
180: h = 14; [[1, 8, 5], [7, 2, 4], [0, 6, 3]]
182: h = 14; [[2, 1, 5], [8, 4, 3], [7, 0, 6]]
184: h = 14; [[2, 1, 5], [8, 0, 3], [7, 4, 6]]
186: h = 14; [[2, 1, 5], [8, 6, 4], [7, 3, 0]]
188: h = 14; [[8, 0, 2], [1, 4, 5], [7, 6, 3]]
190: h = 14; [[8, 2, 5], [1, 4, 3], [7, 0, 6]]
192: h = 14; [[8, 2, 5], [1, 0, 3], [7, 4, 6]]
194: h = 14; [[8, 2, 5], [1, 6, 4], [7, 3, 0]]
196: h = 14; [[8, 2, 5], [7, 1, 4], [0, 6, 3]]
198: h = 14; [[8, 4, 2], [1, 0, 5], [7, 6, 3]]
200: h = 14; [[8, 5, 0], [1, 2, 4], [7, 6, 3]]
202: h = 15; [[0, 8, 2], [1, 4, 5], [7, 6, 3]]
204: h = 13; [[1, 8, 2], [0, 4, 5], [7, 6, 3]]
206: h = 13; [[1, 8, 2], [4, 0, 5], [7, 6, 3]]
208: h = 13; [[1, 0, 2], [4, 8, 5], [7, 6, 3]]
210: h = 11; [[1, 2, 0], [4, 8, 5], [7, 6, 3]]
212: h = 12; [[1, 2, 5], [4, 8, 0], [7, 6, 3]]
214: h = 11; [[1, 2, 5], [4, 8, 3], [7, 6, 0]]
216: h = 12; [[1, 2, 5], [4, 0, 8], [7, 6, 3]]
218: h = 12; [[1, 2, 5], [0, 4, 8], [7, 6, 3]]
220: h = 13; [[1, 2, 5], [4, 8, 3], [7, 0, 6]]
222: h = 13; [[1, 2, 5], [4, 0, 3], [7, 8, 6]]
224: h = 13; [[1, 2, 5], [0, 4, 3], [7, 8, 6]]
226: h = 14; [[0, 2, 5], [1, 4, 8], [7, 6, 3]]
228: h = 14; [[1, 2, 5], [7, 4, 8], [0, 6, 3]]
230: h = 15; [[0, 1, 2], [4, 8, 5], [7, 6, 3]]
232: h = 15; [[0, 2, 5], [1, 4, 3], [7, 8, 6]]
234: h = 15; [[1, 0, 5], [4, 2, 8], [7, 6, 3]]
236: h = 15; [[1, 2, 5], [4, 3, 0], [7, 8, 6]]
238: h = 14; [[1, 2, 0], [4, 3, 5], [7, 8, 6]]
240: h = 15; [[1, 2, 5], [4, 6, 8], [7, 0, 3]]
242: h = 15; [[1, 2, 5], [4, 8, 3], [0, 7, 6]]
244: h = 15; [[1, 2, 5], [7, 4, 3], [0, 8, 6]]
246: h = 14; [[1, 2, 5], [7, 4, 3], [8, 0, 6]]
248: h = 12; [[1, 2, 5], [7, 4, 3], [8, 6, 0]]
250: h = 13; [[1, 2, 5], [7, 4, 0], [8, 6, 3]]
252: h = 10; [[1, 2, 5], [7, 0, 4], [8, 6, 3]]
254: h = 12; [[1, 2, 0], [7, 4, 5], [8, 6, 3]]
256: h = 12; [[1, 2, 5], [0, 7, 4], [8, 6, 3]]
258: h = 10; [[1, 2, 5], [8, 7, 4], [0, 6, 3]]
260: h = 12; [[1, 2, 5], [8, 7, 4], [6, 0, 3]]
262: h = 10; [[1, 2, 5], [8, 0, 4], [6, 7, 3]]
264: h = 13; [[1, 0, 5], [7, 2, 4], [8, 6, 3]]
266: h = 13; [[1, 0, 5], [8, 2, 4], [6, 7, 3]]
268: h = 13; [[1, 2, 5], [0, 8, 4], [6, 7, 3]]
270: h = 13; [[1, 2, 5], [7, 6, 4], [8, 0, 3]]
272: h = 13; [[1, 2, 5], [8, 4, 0], [6, 7, 3]]
274: h = 12; [[1, 2, 0], [8, 4, 5], [6, 7, 3]]
276: h = 12; [[1, 2, 5], [8, 4, 3], [6, 7, 0]]
278: h = 13; [[1, 2, 5], [8, 4, 3], [6, 0, 7]]
280: h = 11; [[1, 2, 5], [8, 4, 3], [0, 6, 7]]
282: h = 13; [[1, 2, 5], [0, 4, 3], [8, 6, 7]]
284: h = 13; [[1, 2, 5], [4, 0, 3], [8, 6, 7]]
286: h = 13; [[1, 2, 5], [8, 0, 3], [6, 4, 7]]
288: h = 13; [[1, 2, 5], [8, 7, 4], [6, 3, 0]]
290: h = 14; [[0, 2, 5], [1, 7, 4], [8, 6, 3]]
292: h = 14; [[1, 0, 2], [7, 4, 5], [8, 6, 3]]
294: h = 14; [[1, 0, 2], [8, 4, 5], [6, 7, 3]]
296: h = 14; [[1, 2, 5], [6, 8, 4], [0, 7, 3]]
298: h = 12; [[1, 2, 5], [6, 8, 4], [7, 0, 3]]
300: h = 12; [[1, 2, 5], [6, 0, 4], [7, 8, 3]]
302: h = 12; [[1, 2, 5], [0, 6, 4], [7, 8, 3]]
304: h = 13; [[1, 2, 5], [6, 8, 4], [7, 3, 0]]
306: h = 14; [[0, 2, 5], [1, 6, 4], [7, 8, 3]]
308: h = 14; [[1, 2, 5], [7, 0, 3], [8, 4, 6]]
310: h = 14; [[1, 2, 5], [7, 6, 4], [0, 8, 3]]
314: h = 14; [[1, 2, 5], [7, 6, 4], [8, 3, 0]]
316: h = 14; [[1, 4, 2], [7, 0, 5], [8, 6, 3]]
318: h = 14; [[1, 4, 2], [8, 0, 5], [6, 7, 3]]
320: h = 14; [[1, 5, 0], [7, 2, 4], [8, 6, 3]]
322: h = 14; [[1, 5, 0], [8, 2, 4], [6, 7, 3]]
324: h = 15; [[0, 1, 5], [7, 2, 4], [8, 6, 3]]
326: h = 15; [[0, 1, 5], [8, 2, 4], [6, 7, 3]]
328: h = 15; [[0, 2, 5], [1, 4, 3], [8, 6, 7]]
330: h = 15; [[0, 2, 5], [1, 8, 4], [6, 7, 3]]
332: h = 15; [[1, 0, 5], [6, 2, 4], [7, 8, 3]]
334: h = 15; [[1, 2, 5], [4, 3, 0], [8, 6, 7]]
336: h = 14; [[1, 2, 0], [4, 3, 5], [8, 6, 7]]
338: h = 15; [[1, 2, 5], [6, 4, 0], [7, 8, 3]]
340: h = 14; [[1, 2, 0], [6, 4, 5], [7, 8, 3]]
342: h = 14; [[1, 2, 5], [6, 4, 3], [7, 8, 0]]
344: h = 15; [[1, 2, 5], [6, 4, 3], [7, 0, 8]]
346: h = 15; [[1, 2, 5], [6, 0, 3], [7, 4, 8]]
348: h = 15; [[1, 2, 5], [0, 6, 3], [7, 4, 8]]
350: h = 15; [[1, 2, 5], [6, 8, 0], [7, 3, 4]]
352: h = 14; [[1, 2, 0], [6, 8, 5], [7, 3, 4]]
354: h = 15; [[1, 2, 5], [6, 0, 8], [7, 3, 4]]
356: h = 15; [[1, 2, 5], [0, 6, 8], [7, 3, 4]]
358: h = 15; [[1, 2, 5], [6, 3, 8], [7, 0, 4]]
360: h = 15; [[1, 2, 5], [8, 3, 0], [6, 4, 7]]
362: h = 14; [[1, 2, 0], [8, 3, 5], [6, 4, 7]]
364: h = 15; [[1, 2, 5], [8, 7, 0], [6, 3, 4]]
366: h = 14; [[1, 2, 0], [8, 7, 5], [6, 3, 4]]
368: h = 15; [[1, 2, 5], [8, 0, 7], [6, 3, 4]]
370: h = 15; [[1, 2, 5], [8, 3, 7], [6, 0, 4]]
372: h = 13; [[1, 2, 5], [8, 3, 7], [0, 6, 4]]
374: h = 15; [[1, 2, 5], [0, 3, 7], [8, 6, 4]]
376: h = 15; [[1, 2, 5], [3, 0, 7], [8, 6, 4]]
378: h = 15; [[1, 2, 5], [3, 7, 0], [8, 6, 4]]
380: h = 13; [[1, 2, 5], [3, 7, 4], [8, 6, 0]]
382: h = 14; [[1, 2, 0], [3, 7, 5], [8, 6, 4]]
384: h = 15; [[1, 2, 5], [3, 7, 4], [8, 0, 6]]
386: h = 13; [[1, 2, 5], [3, 0, 4], [8, 7, 6]]
388: h = 13; [[1, 2, 5], [0, 3, 4], [8, 7, 6]]
390: h = 11; [[1, 2, 5], [8, 3, 4], [0, 7, 6]]
392: h = 9; [[1, 2, 5], [8, 3, 4], [7, 0, 6]]
394: h = 7; [[1, 2, 5], [8, 3, 4], [7, 6, 0]]
396: h = 9; [[1, 2, 5], [8, 0, 4], [7, 3, 6]]
398: h = 9; [[1, 2, 5], [8, 3, 0], [7, 6, 4]]
400: h = 7; [[1, 2, 5], [8, 0, 3], [7, 6, 4]]
402: h = 8; [[1, 2, 0], [8, 3, 5], [7, 6, 4]]
404: h = 10; [[1, 0, 2], [8, 3, 5], [7, 6, 4]]
406: h = 8; [[1, 3, 2], [8, 0, 5], [7, 6, 4]]
408: h = 10; [[1, 0, 5], [8, 2, 3], [7, 6, 4]]
410: h = 10; [[1, 2, 5], [0, 8, 3], [7, 6, 4]]
412: h = 10; [[1, 2, 5], [8, 6, 3], [7, 0, 4]]
414: h = 10; [[1, 3, 2], [8, 5, 0], [7, 6, 4]]
416: h = 8; [[1, 3, 2], [8, 5, 4], [7, 6, 0]]
418: h = 10; [[1, 3, 2], [8, 5, 4], [7, 0, 6]]
420: h = 8; [[1, 3, 2], [8, 0, 4], [7, 5, 6]]
422: h = 10; [[1, 0, 2], [8, 3, 4], [7, 5, 6]]
424: h = 8; [[1, 2, 0], [8, 3, 4], [7, 5, 6]]
426: h = 10; [[1, 2, 4], [8, 3, 0], [7, 5, 6]]
428: h = 8; [[1, 2, 4], [8, 0, 3], [7, 5, 6]]
430: h = 10; [[1, 2, 4], [8, 5, 3], [7, 0, 6]]
432: h = 8; [[1, 2, 4], [8, 5, 3], [7, 6, 0]]
434: h = 9; [[1, 2, 4], [8, 5, 0], [7, 6, 3]]
436: h = 7; [[1, 2, 0], [8, 5, 4], [7, 6, 3]]
438: h = 7; [[1, 2, 4], [8, 0, 5], [7, 6, 3]]
440: h = 9; [[1, 0, 2], [8, 5, 4], [7, 6, 3]]
442: h = 9; [[1, 5, 2], [8, 0, 4], [7, 6, 3]]
444: h = 10; [[1, 0, 4], [8, 2, 5], [7, 6, 3]]
446: h = 10; [[1, 2, 4], [0, 8, 5], [7, 6, 3]]
448: h = 10; [[1, 2, 4], [8, 6, 5], [7, 0, 3]]
450: h = 11; [[0, 1, 2], [8, 5, 4], [7, 6, 3]]
452: h = 11; [[1, 0, 4], [8, 2, 3], [7, 5, 6]]
454: h = 11; [[1, 2, 4], [0, 8, 3], [7, 5, 6]]
456: h = 11; [[1, 2, 4], [8, 3, 6], [7, 5, 0]]
458: h = 9; [[1, 2, 4], [8, 3, 6], [7, 0, 5]]
460: h = 9; [[1, 2, 4], [8, 0, 6], [7, 3, 5]]
462: h = 9; [[1, 2, 4], [8, 6, 0], [7, 3, 5]]
464: h = 7; [[1, 2, 0], [8, 6, 4], [7, 3, 5]]
466: h = 9; [[1, 0, 2], [8, 6, 4], [7, 3, 5]]
468: h = 9; [[1, 6, 2], [8, 0, 4], [7, 3, 5]]
470: h = 9; [[1, 6, 2], [8, 3, 4], [7, 0, 5]]
472: h = 11; [[0, 1, 2], [8, 6, 4], [7, 3, 5]]
474: h = 11; [[1, 2, 4], [8, 3, 6], [0, 7, 5]]
476: h = 11; [[1, 2, 4], [8, 6, 5], [7, 3, 0]]
480: h = 11; [[1, 2, 5], [8, 6, 3], [7, 4, 0]]
482: h = 11; [[1, 3, 0], [8, 5, 2], [7, 6, 4]]
484: h = 9; [[1, 0, 3], [8, 5, 2], [7, 6, 4]]
486: h = 9; [[1, 5, 3], [8, 0, 2], [7, 6, 4]]
488: h = 9; [[1, 5, 3], [8, 2, 0], [7, 6, 4]]
490: h = 7; [[1, 5, 3], [8, 2, 4], [7, 6, 0]]
492: h = 9; [[1, 5, 3], [8, 2, 4], [7, 0, 6]]
494: h = 9; [[1, 5, 3], [8, 0, 4], [7, 2, 6]]
496: h = 9; [[1, 0, 3], [8, 5, 4], [7, 2, 6]]
498: h = 11; [[0, 1, 3], [8, 5, 2], [7, 6, 4]]
500: h = 11; [[0, 1, 3], [8, 5, 4], [7, 2, 6]]
502: h = 11; [[1, 3, 0], [8, 5, 4], [7, 2, 6]]
504: h = 11; [[1, 3, 2], [0, 8, 4], [7, 5, 6]]
506: h = 11; [[1, 3, 2], [0, 8, 5], [7, 6, 4]]
508: h = 11; [[1, 3, 2], [8, 4, 0], [7, 5, 6]]
510: h = 11; [[1, 3, 2], [8, 6, 5], [7, 0, 4]]
512: h = 11; [[1, 4, 0], [8, 2, 5], [7, 6, 3]]
514: h = 11; [[1, 5, 0], [8, 2, 3], [7, 6, 4]]
518: h = 11; [[1, 5, 3], [8, 2, 4], [0, 7, 6]]
520: h = 11; [[1, 6, 2], [8, 3, 4], [0, 7, 5]]
522: h = 11; [[1, 6, 2], [8, 3, 4], [7, 5, 0]]
524: h = 12; [[0, 1, 2], [8, 3, 4], [7, 5, 6]]
526: h = 12; [[0, 1, 2], [8, 3, 5], [7, 6, 4]]
528: h = 12; [[0, 1, 4], [8, 2, 5], [7, 6, 3]]
530: h = 12; [[0, 1, 5], [8, 2, 3], [7, 6, 4]]
532: h = 12; [[0, 2, 4], [1, 8, 5], [7, 6, 3]]
534: h = 12; [[0, 2, 5], [1, 8, 3], [7, 6, 4]]
536: h = 12; [[1, 0, 4], [8, 2, 6], [7, 3, 5]]
538: h = 12; [[1, 0, 5], [8, 2, 4], [7, 3, 6]]
540: h = 12; [[1, 2, 4], [0, 8, 6], [7, 3, 5]]
542: h = 12; [[1, 2, 4], [7, 8, 5], [0, 6, 3]]
544: h = 12; [[1, 2, 4], [8, 5, 3], [0, 7, 6]]
546: h = 12; [[1, 2, 4], [8, 6, 5], [0, 7, 3]]
548: h = 12; [[1, 2, 5], [0, 8, 4], [7, 3, 6]]
550: h = 12; [[1, 2, 5], [7, 8, 3], [0, 6, 4]]
552: h = 12; [[1, 2, 5], [8, 4, 0], [7, 3, 6]]
554: h = 11; [[1, 2, 0], [8, 4, 5], [7, 3, 6]]
556: h = 12; [[1, 2, 5], [8, 6, 0], [7, 4, 3]]
558: h = 11; [[1, 2, 0], [8, 6, 5], [7, 4, 3]]
560: h = 12; [[1, 2, 5], [8, 0, 6], [7, 4, 3]]
562: h = 12; [[1, 2, 5], [8, 4, 6], [7, 0, 3]]
564: h = 12; [[1, 2, 5], [8, 6, 3], [0, 7, 4]]
566: h = 12; [[1, 3, 0], [8, 4, 2], [7, 5, 6]]
568: h = 10; [[1, 0, 3], [8, 4, 2], [7, 5, 6]]
570: h = 10; [[1, 4, 3], [8, 0, 2], [7, 5, 6]]
572: h = 10; [[1, 4, 3], [8, 2, 0], [7, 5, 6]]
574: h = 11; [[1, 4, 3], [8, 2, 6], [7, 5, 0]]
576: h = 9; [[1, 4, 3], [8, 2, 6], [7, 0, 5]]
578: h = 9; [[1, 4, 3], [8, 0, 6], [7, 2, 5]]
580: h = 9; [[1, 0, 3], [8, 4, 6], [7, 2, 5]]
582: h = 9; [[1, 4, 3], [8, 6, 0], [7, 2, 5]]
584: h = 11; [[0, 1, 3], [8, 4, 6], [7, 2, 5]]
586: h = 11; [[1, 3, 0], [8, 4, 6], [7, 2, 5]]
588: h = 11; [[1, 4, 0], [8, 6, 3], [7, 2, 5]]
590: h = 10; [[1, 0, 4], [8, 6, 3], [7, 2, 5]]
592: h = 10; [[1, 6, 4], [8, 0, 3], [7, 2, 5]]
594: h = 10; [[1, 6, 4], [8, 2, 3], [7, 0, 5]]
596: h = 11; [[1, 4, 3], [8, 2, 6], [0, 7, 5]]
598: h = 11; [[1, 4, 3], [8, 6, 5], [7, 2, 0]]
600: h = 12; [[0, 1, 3], [8, 4, 2], [7, 5, 6]]
602: h = 12; [[0, 1, 4], [8, 6, 3], [7, 2, 5]]
604: h = 12; [[1, 3, 2], [8, 4, 6], [7, 5, 0]]
606: h = 10; [[1, 3, 2], [8, 4, 6], [7, 0, 5]]
608: h = 10; [[1, 3, 2], [8, 0, 6], [7, 4, 5]]
610: h = 10; [[1, 3, 2], [8, 6, 0], [7, 4, 5]]
612: h = 11; [[1, 3, 0], [8, 6, 2], [7, 4, 5]]
614: h = 9; [[1, 0, 3], [8, 6, 2], [7, 4, 5]]
616: h = 9; [[1, 6, 3], [8, 0, 2], [7, 4, 5]]
618: h = 9; [[1, 6, 3], [8, 2, 0], [7, 4, 5]]
620: h = 9; [[1, 6, 3], [8, 4, 2], [7, 0, 5]]
622: h = 11; [[0, 1, 3], [8, 6, 2], [7, 4, 5]]
624: h = 11; [[1, 6, 0], [8, 2, 3], [7, 4, 5]]
626: h = 11; [[1, 6, 3], [8, 2, 5], [7, 4, 0]]
628: h = 10; [[1, 6, 3], [8, 2, 5], [7, 0, 4]]
630: h = 10; [[1, 6, 3], [8, 0, 5], [7, 2, 4]]
632: h = 10; [[1, 0, 3], [8, 6, 5], [7, 2, 4]]
634: h = 11; [[1, 6, 3], [8, 4, 2], [0, 7, 5]]
636: h = 11; [[1, 6, 3], [8, 4, 2], [7, 5, 0]]
638: h = 12; [[0, 1, 3], [8, 6, 5], [7, 2, 4]]
640: h = 12; [[1, 0, 2], [8, 3, 6], [7, 4, 5]]
642: h = 10; [[1, 2, 0], [8, 3, 6], [7, 4, 5]]
644: h = 11; [[1, 2, 6], [8, 3, 0], [7, 4, 5]]
646: h = 9; [[1, 2, 6], [8, 0, 3], [7, 4, 5]]
648: h = 9; [[1, 2, 6], [8, 4, 3], [7, 0, 5]]
650: h = 11; [[1, 2, 6], [8, 4, 3], [0, 7, 5]]
652: h = 11; [[1, 2, 6], [8, 4, 3], [7, 5, 0]]
654: h = 12; [[1, 0, 6], [8, 2, 3], [7, 4, 5]]
658: h = 12; [[1, 2, 6], [0, 8, 3], [7, 4, 5]]
660: h = 12; [[1, 2, 6], [8, 4, 0], [7, 5, 3]]
662: h = 9; [[1, 2, 6], [8, 0, 4], [7, 5, 3]]
664: h = 11; [[1, 2, 0], [8, 4, 6], [7, 5, 3]]
666: h = 11; [[1, 2, 6], [8, 5, 4], [7, 0, 3]]
668: h = 12; [[1, 0, 6], [8, 2, 4], [7, 5, 3]]
670: h = 11; [[1, 6, 0], [8, 2, 4], [7, 5, 3]]
672: h = 12; [[1, 2, 6], [0, 8, 4], [7, 5, 3]]
674: h = 12; [[1, 2, 6], [8, 5, 4], [7, 3, 0]]
676: h = 12; [[1, 3, 0], [8, 6, 5], [7, 2, 4]]
678: h = 12; [[1, 3, 2], [8, 4, 6], [0, 7, 5]]
680: h = 12; [[1, 3, 2], [8, 5, 4], [0, 7, 6]]
682: h = 12; [[1, 3, 2], [8, 6, 5], [7, 4, 0]]
686: h = 12; [[1, 3, 6], [8, 4, 0], [7, 2, 5]]
688: h = 9; [[1, 3, 6], [8, 0, 4], [7, 2, 5]]
690: h = 9; [[1, 3, 6], [8, 2, 4], [7, 0, 5]]
692: h = 11; [[1, 0, 6], [8, 3, 4], [7, 2, 5]]
694: h = 10; [[1, 6, 0], [8, 3, 4], [7, 2, 5]]
696: h = 11; [[1, 3, 6], [8, 2, 4], [0, 7, 5]]
698: h = 11; [[1, 3, 6], [8, 2, 4], [7, 5, 0]]
700: h = 12; [[1, 3, 6], [0, 8, 4], [7, 2, 5]]
702: h = 12; [[1, 4, 0], [8, 2, 3], [7, 5, 6]]
706: h = 12; [[1, 4, 3], [0, 8, 6], [7, 2, 5]]
708: h = 12; [[1, 4, 3], [8, 5, 2], [7, 0, 6]]
710: h = 10; [[1, 4, 3], [8, 5, 2], [7, 6, 0]]
712: h = 11; [[1, 4, 3], [8, 5, 0], [7, 6, 2]]
714: h = 9; [[1, 4, 3], [8, 0, 5], [7, 6, 2]]
716: h = 9; [[1, 0, 3], [8, 4, 5], [7, 6, 2]]
718: h = 11; [[0, 1, 3], [8, 4, 5], [7, 6, 2]]
720: h = 11; [[1, 3, 0], [8, 4, 5], [7, 6, 2]]
722: h = 12; [[1, 3, 5], [8, 4, 0], [7, 6, 2]]
724: h = 9; [[1, 3, 5], [8, 0, 4], [7, 6, 2]]
726: h = 11; [[1, 0, 5], [8, 3, 4], [7, 6, 2]]
728: h = 11; [[1, 3, 5], [8, 4, 2], [7, 6, 0]]
730: h = 12; [[1, 3, 5], [0, 8, 4], [7, 6, 2]]
732: h = 12; [[1, 3, 5], [8, 6, 4], [7, 0, 2]]
734: h = 11; [[1, 3, 5], [8, 6, 4], [7, 2, 0]]
736: h = 12; [[1, 4, 3], [0, 8, 5], [7, 6, 2]]
738: h = 12; [[1, 4, 3], [8, 6, 5], [7, 0, 2]]
742: h = 12; [[1, 4, 5], [8, 2, 0], [7, 6, 3]]
744: h = 11; [[1, 4, 5], [8, 2, 3], [7, 6, 0]]
746: h = 12; [[1, 4, 5], [8, 0, 2], [7, 6, 3]]
748: h = 12; [[1, 0, 5], [8, 4, 2], [7, 6, 3]]
750: h = 12; [[1, 5, 0], [8, 3, 4], [7, 6, 2]]
752: h = 12; [[1, 5, 2], [0, 8, 4], [7, 6, 3]]
754: h = 12; [[1, 5, 2], [8, 4, 0], [7, 6, 3]]
756: h = 11; [[1, 5, 2], [8, 4, 3], [7, 6, 0]]
758: h = 12; [[1, 5, 2], [8, 6, 4], [7, 0, 3]]
760: h = 12; [[1, 5, 3], [0, 8, 2], [7, 6, 4]]
762: h = 12; [[1, 5, 3], [0, 8, 4], [7, 2, 6]]
764: h = 12; [[1, 5, 3], [8, 4, 0], [7, 2, 6]]
766: h = 12; [[1, 5, 3], [8, 6, 2], [7, 0, 4]]
768: h = 12; [[1, 6, 2], [0, 8, 4], [7, 3, 5]]
770: h = 12; [[1, 6, 2], [8, 4, 0], [7, 3, 5]]
772: h = 12; [[1, 6, 3], [0, 8, 2], [7, 4, 5]]
774: h = 12; [[1, 6, 3], [8, 2, 5], [0, 7, 4]]
776: h = 12; [[1, 6, 3], [8, 4, 0], [7, 5, 2]]
778: h = 9; [[1, 6, 3], [8, 0, 4], [7, 5, 2]]
780: h = 9; [[1, 0, 3], [8, 6, 4], [7, 5, 2]]
782: h = 11; [[0, 1, 3], [8, 6, 4], [7, 5, 2]]
784: h = 11; [[1, 3, 0], [8, 6, 4], [7, 5, 2]]
786: h = 11; [[1, 6, 3], [8, 5, 4], [7, 0, 2]]
788: h = 10; [[1, 6, 3], [8, 5, 4], [7, 2, 0]]
790: h = 12; [[1, 6, 3], [0, 8, 4], [7, 5, 2]]
792: h = 12; [[1, 6, 3], [8, 5, 0], [7, 2, 4]]
796: h = 12; [[1, 6, 4], [8, 2, 3], [0, 7, 5]]
798: h = 12; [[1, 6, 4], [8, 2, 3], [7, 5, 0]]
800: h = 12; [[1, 6, 4], [8, 3, 0], [7, 2, 5]]
804: h = 13; [[0, 1, 4], [8, 2, 3], [7, 5, 6]]
806: h = 13; [[0, 1, 5], [8, 3, 4], [7, 6, 2]]
808: h = 13; [[0, 1, 6], [8, 3, 4], [7, 2, 5]]
810: h = 13; [[0, 2, 4], [1, 8, 3], [7, 5, 6]]
812: h = 13; [[0, 3, 2], [1, 8, 4], [7, 5, 6]]
814: h = 13; [[0, 3, 2], [1, 8, 5], [7, 6, 4]]
816: h = 13; [[1, 0, 2], [8, 4, 5], [7, 3, 6]]
818: h = 13; [[1, 0, 2], [8, 4, 6], [7, 5, 3]]
820: h = 13; [[1, 0, 2], [8, 6, 5], [7, 4, 3]]
822: h = 13; [[1, 2, 4], [0, 3, 6], [8, 7, 5]]
824: h = 13; [[1, 2, 4], [3, 0, 6], [8, 7, 5]]
826: h = 13; [[1, 2, 4], [3, 6, 0], [8, 7, 5]]
828: h = 11; [[1, 2, 0], [3, 6, 4], [8, 7, 5]]
830: h = 13; [[1, 0, 2], [3, 6, 4], [8, 7, 5]]
832: h = 13; [[1, 2, 4], [7, 8, 3], [0, 5, 6]]
834: h = 13; [[1, 2, 5], [8, 4, 6], [7, 3, 0]]
838: h = 13; [[1, 2, 6], [0, 4, 3], [8, 7, 5]]
840: h = 13; [[1, 2, 6], [4, 0, 3], [8, 7, 5]]
842: h = 13; [[1, 2, 6], [8, 3, 5], [7, 4, 0]]
844: h = 12; [[1, 2, 6], [8, 3, 5], [7, 0, 4]]
846: h = 12; [[1, 2, 6], [8, 0, 5], [7, 3, 4]]
848: h = 13; [[1, 2, 6], [8, 5, 4], [0, 7, 3]]
850: h = 13; [[1, 3, 2], [0, 8, 6], [7, 4, 5]]
852: h = 13; [[1, 3, 2], [7, 8, 4], [0, 5, 6]]
854: h = 13; [[1, 3, 2], [7, 8, 5], [0, 6, 4]]
856: h = 13; [[1, 3, 2], [8, 6, 5], [0, 7, 4]]
858: h = 13; [[1, 3, 4], [8, 5, 0], [7, 2, 6]]
860: h = 11; [[1, 3, 4], [8, 0, 5], [7, 2, 6]]
862: h = 11; [[1, 3, 4], [8, 2, 5], [7, 0, 6]]
864: h = 9; [[1, 3, 4], [8, 2, 5], [7, 6, 0]]
866: h = 7; [[1, 3, 4], [8, 2, 0], [7, 6, 5]]
868: h = 5; [[1, 3, 0], [8, 2, 4], [7, 6, 5]]
870: h = 3; [[1, 0, 3], [8, 2, 4], [7, 6, 5]]
871: h = 0; [[1, 2, 3], [8, 0, 4], [7, 6, 5]]
